step temp pot_eng kin_eng tot_eng press v_n1_in v_n2_in c_sumcoor12
0 0.999999999999999 -1.26640673191189 1.49862258953168 0.232215857619793 0.0168139565491189 0 127 0.0467775467775468
1000 0.987139912388355 -0.366067617394286 1.47935017173351 1.11328255433923 0.0171690158481752 18 124 0.0124740124740125
2000 1.02449435671834 -0.273688339463451 1.53533038582584 1.26164204636238 0.0160874086882215 26 122 0.0114345114345114
3000 1.00904267009417 -0.264904819305532 1.51217413920448 1.24726931989895 0.0163903330304898 34 123 0.0103950103950104
4000 1.00327135671807 -0.262677605917257 1.50352511860779 1.24084751269054 0.0166150290923807 37 122 0.0135135135135135
5000 1.00763213928548 -0.247636974601786 1.51006028587136 1.26242331126957 0.0159403407185716 45 121 0.0051975051975052
6000 1.03755840153355 -0.232705566783081 1.55490845849656 1.32220289171348 0.0173490842810918 49 118 0.0197505197505198
7000 1.01189649027402 -0.225790769293656 1.51645093859247 1.29066016929881 0.0170663344050238 43 117 0.00935550935550936
8000 1.0006278316793 -0.213091170954137 1.4995634722687 1.28647230131456 0.0166462293657119 45 116 0.0155925155925156
9000 0.974403573568832 -0.207737069811934 1.46026320667065 1.25252613685871 0.0159383607077751 48 115 0.0124740124740125
10000 1.0027880107222 -0.209419205034401 1.50280076537982 1.29338156034542 0.0167317199232791 44 114 0.0103950103950104
11000 0.987094452109643 -0.20354177219021 1.47928204393291 1.2757402717427 0.0161306111776913 46 114 0.0135135135135135
12000 1.03054923676789 -0.217737842996532 1.544404365845 1.32666652284846 0.0173523907358895 51 113 0.0124740124740125
13000 0.997852209704942 -0.220136643579952 1.49540386247793 1.27526721889798 0.0167943493560721 48 112 0.00831600831600832
14000 0.947588931170858 -0.21823747293837 1.42007817784283 1.20184070490446 0.0154976154097857 51 113 0.00935550935550936
15000 0.980354447483854 -0.209364376515691 1.46918132074715 1.25981694423146 0.0164350522605428 56 113 0.0114345114345114
16000 0.972122848936296 -0.207887158487696 1.45684526121583 1.24895810272813 0.0159594385377693 59 112 0.0124740124740125
17000 1.04359037933559 -0.208322736424863 1.56394811669026 1.35562538026539 0.0175645103548742 65 111 0.0207900207900208
18000 0.949888214941232 -0.205639006641794 1.42352393644085 1.21788492979906 0.0151590309799552 66 110 0.0145530145530146
19000 0.998552966848191 -0.202310349701793 1.49645403296258 1.29414368326079 0.0169493335542293 66 110 0.0197505197505198
20000 0.958069416089758 -0.181602324593909 1.43578446929154 1.25418214469763 0.0166714147139029 68 110 0.0176715176715177
21000 0.986234215231639 -0.195301316527889 1.47799287351518 1.28269155698729 0.0164157211021994 79 107 0.0249480249480249
22000 1.02982487469738 -0.212974768625134 1.54331882048313 1.33034405185799 0.0169058491070712 77 107 0.0124740124740125
23000 1.01602490494323 -0.217845318208118 1.52263787407471 1.30479255586659 0.016193661439273 81 102 0.0249480249480249
24000 0.999420167803817 -0.210100309585191 1.49775363990434 1.28765333031915 0.016403855992214 75 109 0.0239085239085239
25000 1.00508473086291 -0.219059325045378 1.50624268206453 1.28718335701915 0.0154451961069002 77 106 0.0228690228690229
26000 1.00719215053027 -0.203840998430792 1.50940090878365 1.30555991035286 0.0162262155865913 82 106 0.0135135135135135
27000 1.04407369226014 -0.214067480173221 1.56467242035679 1.35060494018357 0.0179632953017538 78 106 0.0155925155925156
28000 0.987352097595352 -0.205247270560428 1.47966815727788 1.27442088671745 0.0162395524950962 78 106 0.0114345114345114
29000 0.986501583278411 -0.221742967926962 1.47839355730979 1.25665058938283 0.016104491901349 82 105 0.0187110187110187
30000 0.990329753376193 -0.209875615061018 1.4841305394949 1.27425492443388 0.015714054642993 78 106 0.0249480249480249
31000 1.01123333497995 -0.204646118349543 1.5154571190884 1.31081100073886 0.0161171424288618 80 104 0.0176715176715177
32000 1.02878355250857 -0.209054296530463 1.54175827152799 1.33270397499753 0.0168915032563368 86 104 0.0239085239085239
33000 1.0411520679649 -0.209865380457959 1.56029400818982 1.35042862773186 0.016799511391884 96 103 0.0218295218295218
34000 0.960110035526908 -0.19682492161741 1.43884258767669 1.24201766605928 0.0165963502641453 101 103 0.0166320166320166
35000 0.987608546551295 -0.202892615261429 1.48005247747632 1.27715986221489 0.0147483924872152 104 103 0.0249480249480249
36000 1.02007113920808 -0.216535509282239 1.52870165214655 1.31216614286431 0.0153790128639051 99 102 0.0155925155925156
37000 0.985092659482947 -0.213589731365324 1.47628211228298 1.26269238091766 0.0159936633778605 100 101 0.0239085239085239
38000 1.01102271880573 -0.208561906282961 1.515141484932 1.30657957864904 0.0164150553152336 101 102 0.0207900207900208
39000 1.03093988928837 -0.232001661725603 1.54498980653684 1.31298814481123 0.0166422783875482 107 100 0.0280665280665281
40000 0.988211079245284 -0.211562650238736 1.48095544658246 1.26939279634373 0.016327125520457 107 103 0.0322245322245322
41000 1.0113362399668 -0.215538014908106 1.51561133482629 1.30007331991818 0.0153441921518474 113 105 0.0197505197505198
42000 1.02931114916788 -0.199236665555154 1.5425489397998 1.34331227424465 0.0160865176038902 107 104 0.0291060291060291
43000 0.972451022626817 -0.21540126686977 1.45733706972173 1.24193580285196 0.0146185221607799 105 106 0.0353430353430353
44000 1.02298282486741 -0.215831556379633 1.53306517004924 1.31723361366961 0.0164130140688045 103 102 0.0301455301455301
45000 1.04259114657375 -0.209493983487772 1.56245064390116 1.35295666041339 0.0164439543610695 108 105 0.027027027027027
46000 0.988850375085401 -0.211356948358537 1.48191350976986 1.27055656141132 0.0155945741684212 104 101 0.0197505197505198
47000 1.02862691539677 -0.213076398201656 1.54152353161389 1.32844713341224 0.0162123816294643 103 97 0.0311850311850312
48000 0.983429163368564 -0.219360532702376 1.47378915942837 1.254428626726 0.0162411001609937 109 98 0.0249480249480249
49000 0.991640199020375 -0.203672684061698 1.48609440293963 1.28242171887793 0.01582181515136 104 98 0.027027027027027
50000 0.994007994522843 -0.214836697481222 1.48964283476702 1.27480613728579 0.0151845576916457 104 98 0.0249480249480249
51000 0.98628951076835 -0.194948369319931 1.4780757406556 1.28312737133567 0.015453202849694 108 99 0.0332640332640333
52000 0.953973418580266 -0.2224333360107 1.42964611489715 1.20721277888645 0.0146266376179084 102 97 0.0249480249480249
53000 0.983356823706746 -0.193172403677645 1.47368074957705 1.28050834589941 0.0155874822962767 106 96 0.0280665280665281
54000 1.04534257981664 -0.186759959426561 1.56657400391253 1.37981404448597 0.0174889138810078 103 95 0.0291060291060291
55000 1.02262632036186 -0.206732334720579 1.53253090434395 1.32579856962337 0.0159306651172979 107 92 0.0353430353430353
56000 1.02920147848617 -0.213277434318832 1.54238458483878 1.32910715051994 0.017107131524937 110 95 0.0291060291060291
57000 0.988324847523227 -0.214211287494503 1.48112594229376 1.26691465479926 0.0157782437532149 110 93 0.0343035343035343
58000 0.991734099781671 -0.219584852869735 1.48623512474168 1.26665027187194 0.016169599035027 117 92 0.0374220374220374
59000 1.01748445812606 -0.213883270544325 1.52482519344512 1.31094192290079 0.0167894130953301 123 92 0.0363825363825364
60000 1.02037562668365 -0.196060523457889 1.52915796395567 1.33309744049778 0.0173605774753278 123 90 0.0384615384615385
61000 1.00139969763832 -0.208520533163314 1.50072020803098 1.29219967486767 0.0161429517999695 120 91 0.0363825363825364
62000 1.01753878474416 -0.219945657530123 1.52490660854222 1.30496095101209 0.0156240630324059 121 91 0.0291060291060291
63000 0.995196263991166 -0.215118002632417 1.4914236022347 1.27630559960228 0.0155989703291064 118 92 0.0384615384615385
64000 1.00688505943772 -0.218400741166069 1.50894069513531 1.29053995396924 0.0171024533122859 117 90 0.0332640332640333
65000 0.963248991423569 -0.216149883840546 1.44354669789097 1.22739681405042 0.0152065657073724 121 92 0.0280665280665281
66000 0.980116889703384 -0.212592558480528 1.46882531129102 1.25623275281049 0.0154041590998553 125 90 0.0332640332640333
67000 0.984866250653905 -0.204147013872129 1.47594281089731 1.27179579702518 0.0164840423442624 122 91 0.0374220374220374
68000 0.987878627255987 -0.224695110686953 1.48045722652137 1.25576211583442 0.0165434654429418 117 92 0.0415800415800416
69000 1.00488007665095 -0.214787913085102 1.50593598263945 1.29114806955434 0.0172673928809601 113 93 0.0384615384615385
70000 0.992549977721082 -0.231581462818024 1.48745781785198 1.25587635503395 0.0160421496172425 116 91 0.0509355509355509
71000 1.05267200471255 -0.23650955662278 1.57755804562983 1.34104848900705 0.0162090065757032 121 92 0.0332640332640333
72000 1.01881169034468 -0.204943410881948 1.52681421362949 1.32187080274754 0.0170565674167252 118 91 0.0343035343035343
73000 0.969566783170078 -0.216563255626062 1.45301468331824 1.23645142769218 0.016072527129225 124 93 0.0374220374220374
74000 1.0028648137936 -0.221052693823761 1.50291586419757 1.28186317037381 0.0164775620894959 135 93 0.0436590436590437
75000 1.00803142456219 -0.224960729541481 1.5106586638067 1.28569793426521 0.0154318559208996 137 92 0.0426195426195426
76000 0.984294934680956 -0.212363130549196 1.47508662387449 1.26272349332529 0.0164293103152502 135 88 0.0291060291060291
77000 1.03444560825112 -0.228466243174659 1.55024355616697 1.32177731299231 0.016878406004095 137 87 0.0395010395010395
78000 1.00612511543395 -0.210200944507904 1.50780182588449 1.29760088137658 0.0173288272832471 133 87 0.051975051975052
79000 0.996259342828536 -0.221419048764548 1.49301675619483 1.27159770743028 0.0152638631607854 142 85 0.0343035343035343
80000 0.983030155899096 -0.209540764186336 1.47319119782123 1.2636504336349 0.0156055658187419 152 84 0.0228690228690229
81000 0.987585624615651 -0.206230157092457 1.48001812614577 1.27378796905331 0.015646688878003 143 85 0.0197505197505198
82000 0.975123429919391 -0.219669533097199 1.46134199965881 1.24167246656161 0.0147168105333507 143 85 0.0311850311850312
83000 0.96972785657973 -0.20771851674547 1.45325607156852 1.24553755482305 0.0163342401528982 151 84 0.0343035343035343
84000 1.00937112510138 -0.219667264971122 1.51266636929793 1.29299910432681 0.01599082051922 159 84 0.0353430353430353
85000 1.01249592702988 -0.222006288844673 1.51734926805581 1.29534297921113 0.0156131712567566 152 83 0.0363825363825364
86000 1.01687995027874 -0.218660075294316 1.52391926432957 1.30525918903526 0.0162309224039898 153 84 0.0353430353430353
87000 1.00950690884342 -0.209410763012637 1.51286985788106 1.30345909486842 0.0158211091182247 147 85 0.0280665280665281
88000 0.969942052206563 -0.224020502795448 1.45357706997347 1.22955656717802 0.0148839059125385 152 85 0.0363825363825364
89000 1.01996661416355 -0.207438806159608 1.52854500855364 1.32110620239403 0.0162827123072488 146 84 0.0374220374220374
90000 0.9676806586597 -0.217154394285819 1.45018809452032 1.2330337002345 0.0150935256888427 152 82 0.0384615384615385
91000 0.987192303122001 -0.202022672774997 1.47942868567044 1.27740601289544 0.014727857200199 157 83 0.0353430353430353
92000 0.97811866039664 -0.224552821945289 1.46583071971287 1.24127789776758 0.0150163260776385 155 86 0.0332640332640333
93000 0.9949156339326 -0.224064065117977 1.49100304368963 1.26693897857165 0.0148673600021883 154 85 0.0291060291060291
94000 1.00736776915306 -0.215523741428398 1.50966409481891 1.29414035339051 0.0167707003657389 155 85 0.0488565488565489
95000 1.03164322536165 -0.216260348858533 1.54604384186429 1.32978349300576 0.0164880730505113 152 86 0.0415800415800416
96000 0.976711362103968 -0.220841983087981 1.46372171070126 1.24287972761328 0.0152628842886064 158 87 0.0332640332640333
97000 1.0021231101141 -0.215049328624035 1.50180433030874 1.2867550016847 0.0171351415454084 156 86 0.0405405405405405
98000 1.04586972113816 -0.222562797437776 1.56736398980485 1.34480119236708 0.0163111879425571 149 88 0.0426195426195426
99000 1.00734577868196 -0.221360452563304 1.50963113940216 1.28827068683886 0.0153319306002921 154 85 0.0488565488565489
100000 0.991008650250952 -0.23542609131972 1.48514794968738 1.24972185836766 0.0152468363430988 162 85 0.0384615384615385
101000 0.969716402969203 -0.226589516744958 1.45323890692905 1.2266493901841 0.0147391124840867 148 85 0.0374220374220374
102000 1.03675761247475 -0.236389452418588 1.55370837792359 1.317318925505 0.0159701448648771 164 85 0.0384615384615385
103000 0.984322726215217 -0.203617722154272 1.47512827289553 1.27151055074126 0.0156573040183162 157 82 0.0363825363825364
104000 0.993712886661809 -0.220107103043433 1.48920057946012 1.26909347641669 0.0161394369696555 155 83 0.0405405405405405
105000 1.00598042922737 -0.223775109950966 1.50758499586691 1.28380988591594 0.0156906396009121 164 81 0.0384615384615385
106000 0.992652485154026 -0.231499532835041 1.48761143780658 1.25611190497154 0.0153129722747082 173 81 0.0467775467775468
107000 0.958134572011967 -0.222130596150246 1.4358821134284 1.21375151727816 0.0148629786613676 168 81 0.0457380457380457
108000 1.01094163795235 -0.23754005135725 1.51501997533355 1.2774799239763 0.0149966900297415 169 79 0.0353430353430353
109000 1.03884554579461 -0.234260498449521 1.55683740196217 1.32257690351265 0.0156974204978209 167 80 0.0478170478170478
110000 0.998416392831927 -0.221882380218852 1.49624936005666 1.27436697983781 0.0160055058205596 170 81 0.0426195426195426
111000 0.986159148678307 -0.239259106478646 1.47788037708264 1.238621270604 0.0146263825275319 171 83 0.0405405405405405
112000 0.954284386631806 -0.219920776955999 1.43011213864381 1.21019136168781 0.0165875862298494 172 83 0.0415800415800416
113000 1.01646150252136 -0.238299441354814 1.52329216906783 1.28499272771301 0.015492324297249 169 79 0.0353430353430353
114000 0.999283580830659 -0.222450609692227 1.49754894758093 1.27509833788871 0.017402538368216 162 80 0.0488565488565489
115000 1.01995620794222 -0.229883301436338 1.52852941355528 1.29864611211895 0.0160503914574638 178 82 0.0488565488565489
116000 0.958486895231816 -0.225254699709417 1.43641011296448 1.21115541325507 0.0156461455512855 168 82 0.0405405405405405
117000 1.01327367323581 -0.233625744522291 1.51851481608892 1.28488907156663 0.0157531483738802 169 79 0.0457380457380457
118000 1.01827338910928 -0.230645148567486 1.52600750323816 1.29536235467067 0.0159912469457505 166 81 0.0395010395010395
119000 1.00978272389204 -0.230524448342758 1.51328320054345 1.28275875220069 0.0155840466999833 164 82 0.0322245322245322
120000 0.985488061363449 -0.230896848131775 1.47687467047305 1.24597782234127 0.0163213327790558 163 83 0.0457380457380457
121000 0.98209622097244 -0.225437293610651 1.471791581843 1.24635428823234 0.0158269976314296 162 82 0.0343035343035343
122000 0.95204146104981 -0.25750932604638 1.42675083969999 1.16924151365361 0.0138105237279068 157 82 0.0405405405405405
123000 0.989926057034129 -0.233037198087342 1.48352555103737 1.25048835295003 0.0148993589225433 162 81 0.0415800415800416
124000 0.962004533535326 -0.236001294452487 1.44168172518793 1.20568043073544 0.0148312677140198 162 79 0.0488565488565489
125000 0.992638624815978 -0.26081605233124 1.48759066639089 1.22677461405965 0.0151378592352773 161 75 0.053014553014553
126000 0.993678170574129 -0.260310001039901 1.4891485531469 1.228838552107 0.015069683517084 157 74 0.0446985446985447
127000 1.06311200833297 -0.223718197736073 1.59320367089018 1.36948547315411 0.0168349043674059 151 78 0.0457380457380457
128000 1.03623978482164 -0.242171225545054 1.55293234970516 1.31076112416011 0.0161691071992301 152 78 0.0405405405405405
129000 0.979751017073345 -0.223917309296296 1.46827700630275 1.24435969700646 0.0156225333183756 160 77 0.0478170478170478
130000 0.997002659117839 -0.22257763172235 1.49413070677715 1.2715530750548 0.0145336101261008 158 76 0.0311850311850312
131000 0.984169221707548 -0.221720245275973 1.47489822757274 1.25317798229677 0.0171552228717429 163 78 0.0415800415800416
132000 0.978803560712946 -0.228961556924778 1.46685712679846 1.23789556987369 0.0154989444230396 162 79 0.0415800415800416
133000 0.992592943774306 -0.235543797089068 1.48752220774992 1.25197841066086 0.0155451195287757 165 79 0.0363825363825364
134000 1.03982322411117 -0.238222162406089 1.55830257277267 1.32008041036658 0.0157016385667798 161 78 0.0446985446985447
135000 0.981320998710603 -0.235262348745627 1.4706298162495 1.23536746750387 0.0140886045909463 173 79 0.0436590436590437
136000 1.00691707369542 -0.241499644252379 1.50898867242509 1.26748902817271 0.0157119880638178 163 80 0.0426195426195426
137000 0.954747274307964 -0.237741852401263 1.43080583257171 1.19306398017045 0.0154163821481441 163 80 0.0374220374220374
138000 1.00617891013139 -0.242887712395619 1.50788244383327 1.26499473143765 0.0170208241536196 162 79 0.051975051975052
139000 1.01639160116385 -0.241374761609992 1.52318741331441 1.28181265170442 0.0155101071570027 163 79 0.0426195426195426
140000 1.00944508854386 -0.230167158041694 1.51277721258364 1.28261005454194 0.0165122055778003 161 81 0.0457380457380457
141000 1.02149398515427 -0.239757541596055 1.53083396122293 1.29107641962688 0.0166102596484305 163 80 0.0602910602910603
142000 0.992107373001311 -0.245514972494411 1.4867945204207 1.24127954792629 0.0153505915950372 163 77 0.0467775467775468
143000 1.00242460346122 -0.229992729380492 1.50225615504932 1.27226342566882 0.0154098216147903 159 78 0.0415800415800416
144000 1.01523671689127 -0.218350464115428 1.52145667765524 1.30310621353981 0.0164537364480148 163 76 0.0488565488565489
145000 1.00988418429994 -0.210007227824477 1.51343525140266 1.30342802357819 0.0168002434274082 163 77 0.0426195426195426
146000 0.975460596367322 -0.216539965653201 1.46184728491411 1.24530731926091 0.0154322034167387 165 76 0.0332640332640333
147000 0.997600169702693 -0.225491260902752 1.49502614963709 1.26953488873434 0.0154995421383107 155 75 0.0353430353430353
148000 1.00677646833361 -0.226772041937573 1.50877795805367 1.2820059161161 0.0159812300532171 159 75 0.0363825363825364
149000 0.997427507592123 -0.228603349593601 1.49476739429784 1.26616404470424 0.017056781933337 156 76 0.0457380457380457
150000 1.029558764182 -0.224649768243748 1.54292002125347 1.31827025300972 0.0162673250481099 163 74 0.0291060291060291
151000 1.01258444999045 -0.223984057820089 1.51748193056419 1.29349787274411 0.0156222770307099 155 76 0.0395010395010395
152000 0.961127982976516 -0.245696322053877 1.44036810671963 1.19467178466575 0.0147044352904667 152 75 0.0446985446985447
153000 1.0054623437823 -0.237254901353197 1.50680858131563 1.26955367996243 0.0165058944423621 152 74 0.0415800415800416
154000 1.03107769038473 -0.235248357045719 1.54519631837271 1.30994796132699 0.0164566222322844 155 75 0.0467775467775468
155000 0.984275002403323 -0.224920546966751 1.47505675291297 1.25013620594622 0.0151121208507377 157 75 0.0405405405405405
156000 0.977314125576897 -0.2255425487119 1.46462502565794 1.23908247694604 0.0149855884641313 168 75 0.0426195426195426
157000 1.02370675629046 -0.222885101166271 1.53415007003308 1.31126496886681 0.0161915104275749 172 74 0.0322245322245322
158000 1.00148336764108 -0.213680305380869 1.50084559778718 1.28716529240631 0.0155008523362481 172 73 0.0363825363825364
159000 0.997163471207675 -0.22649938857406 1.49437170340764 1.26787231483358 0.0153144545512229 177 73 0.0332640332640333
160000 0.997984822527079 -0.225863725898126 1.49560259904885 1.26973887315072 0.0150743254819748 182 74 0.0457380457380457
161000 0.983915819283714 -0.216734256504518 1.47451847297614 1.25778421647163 0.0157942636959101 176 73 0.0457380457380457
162000 0.968372352169631 -0.229838926226631 1.45122468203934 1.22138575581271 0.0149178850324785 183 75 0.0436590436590437
163000 0.960713957852106 -0.211047662318881 1.43974763931555 1.22869997699667 0.0165529011321428 186 74 0.0446985446985447
164000 1.00893712055539 -0.233138954294626 1.51201596028136 1.27887700598673 0.0162283169003018 182 72 0.053014553014553
165000 1.03079163341856 -0.232085704643943 1.54476762694132 1.31268192229737 0.0166533600520732 170 74 0.0426195426195426
166000 0.981371441645001 -0.246912001460065 1.47070541117047 1.2237934097104 0.0163204199922091 178 70 0.0415800415800416
167000 1.03140317855026 -0.216002118276342 1.5456841022902 1.32968198401386 0.0172776575285937 183 70 0.0405405405405405
168000 1.00857301373493 -0.217679743052899 1.51147030157521 1.29379055852231 0.0152872516350591 177 73 0.0374220374220374
169000 0.992599320270631 -0.223261991425435 1.48753176371136 1.26426977228593 0.0151469976542714 179 72 0.0374220374220374
170000 0.991543665662274 -0.220999982638076 1.48594973586853 1.26494975323046 0.0162331009724963 178 76 0.0436590436590437
171000 1.00750552849174 -0.224062576237083 1.50987054407577 1.28580796783869 0.0159241325785746 179 72 0.0457380457380457
172000 1.02507457625639 -0.230161175388325 1.53619991593244 1.30603874054412 0.0169439984441546 182 70 0.0457380457380457
173000 0.999982129177282 -0.215810001043606 1.49859580791306 1.28278580686946 0.0168618572577621 189 69 0.0446985446985447
174000 0.995911375242472 -0.225222883096796 1.49249528410993 1.26727240101313 0.0153547186974168 179 70 0.0467775467775468
175000 1.00616778341474 -0.220715210277381 1.50786576908436 1.28715055880697 0.0141927463915612 179 69 0.0311850311850312
176000 0.98574825280799 -0.210188024251711 1.47726459924944 1.26707657499773 0.0159983605393051 175 71 0.0446985446985447
177000 0.995492923169553 -0.228275124236215 1.49186818238082 1.2635930581446 0.0156532431947203 178 73 0.0467775467775468
178000 1.00546416150168 -0.232234069469869 1.50681130539095 1.27457723592108 0.0160941955048409 182 73 0.0405405405405405
179000 1.01722584247837 -0.213596810656088 1.52443762619348 1.3108408155374 0.016431110801649 184 71 0.0405405405405405
180000 1.01145710249472 -0.23067121691654 1.51579246214084 1.2851212452243 0.0165543332920264 184 74 0.0467775467775468
181000 0.979549204271808 -0.232088667984477 1.46797456507951 1.23588589709504 0.0147173780011188 191 74 0.0457380457380457
182000 1.06464132132174 -0.228051139909483 1.59549553388161 1.36744439397213 0.0176123421485732 183 73 0.0457380457380457
183000 1.01941357280347 -0.226204222326856 1.52771620827848 1.30151198595162 0.0175168627939672 191 73 0.0592515592515593
184000 1.03115925086692 -0.229619108798234 1.54531854675373 1.3156994379555 0.0155116419128636 190 71 0.0446985446985447
185000 0.989475810959203 -0.232835263363805 1.48285080209864 1.25001553873484 0.01553560879123 187 72 0.0384615384615385
186000 1.04224114620895 -0.248775525633637 1.56192612544813 1.31315059981449 0.0156233046823322 185 74 0.0405405405405405
187000 0.9687579366081 -0.236703944282648 1.451802527589 1.21509858330635 0.0164850292345444 186 75 0.0540540540540541
188000 0.968140988159654 -0.23474923320499 1.45087795470758 1.21612872150259 0.0137521852347403 191 74 0.0374220374220374
189000 0.987045189921048 -0.223957924935789 1.47920821850427 1.25525029356848 0.0151938801951851 184 74 0.0426195426195426
190000 1.01362971832072 -0.229580795443236 1.51904839329607 1.28946759785283 0.015582449148591 185 73 0.0498960498960499
191000 0.966036473767185 -0.232478207929731 1.44772408189903 1.2152458739693 0.0151202566993174 182 70 0.0457380457380457
192000 1.03050540375992 -0.221828396826303 1.54433867670909 1.32251027988278 0.0167832819258648 177 70 0.0467775467775468
193000 1.04452330279658 -0.228745278678143 1.5653462168632 1.33660093818505 0.016689165775426 174 72 0.0415800415800416
194000 0.976631387965718 -0.237709900085983 1.4636018596511 1.22589195956512 0.015585757345667 177 71 0.0446985446985447
195000 0.953739330669102 -0.239773228614826 1.42929530546554 1.18952207685072 0.0144453305817828 176 70 0.0374220374220374
196000 0.964057907613884 -0.224457347896151 1.44475895796681 1.22030161007066 0.0153181080112313 183 72 0.0311850311850312
197000 0.956923798757417 -0.249127097378976 1.43406762127833 1.18494052389936 0.0147264096193102 176 71 0.0467775467775468
198000 1.00455077008164 -0.237225529955767 1.50544247637579 1.26821694642002 0.0147593738605617 192 74 0.0311850311850312
199000 0.998169725833194 -0.216306194704057 1.49587969932027 1.27957350461621 0.0151768147728863 195 73 0.0405405405405405
200000 1.040341528422 -0.198038165502836 1.55907931532112 1.36104114981829 0.0165855140289547 192 71 0.0436590436590437
201000 1.01762937325071 -0.222761742519423 1.52504236652448 1.30228062400505 0.0155734779654177 192 72 0.0457380457380457
202000 1.01697220491993 -0.204181250177017 1.52405751921885 1.31987626904183 0.0164409059139291 190 72 0.0395010395010395
203000 1.02381742317505 -0.225766435401705 1.53431591792624 1.30854948252454 0.0159530090023784 188 71 0.0374220374220374
204000 0.987839007275098 -0.218325743444658 1.48039785112301 1.26207210767835 0.0161047294937685 197 71 0.0478170478170478
205000 0.991723546011437 -0.206359910140644 1.4862193086232 1.27985939848256 0.0163792316296948 198 71 0.0395010395010395
206000 1.006723841816 -0.210427908342918 1.50869909076558 1.29827118242267 0.0160140846487348 190 70 0.0467775467775468
207000 0.985322089173714 -0.211021843725602 1.47662594080028 1.26560409707467 0.0159366188916943 199 74 0.0384615384615385
208000 0.986324490016883 -0.22966621216937 1.47812816134762 1.24846194917825 0.0145759621575912 199 71 0.0384615384615385
209000 1.04627136658793 -0.205305905537498 1.56796590474886 1.36265999921136 0.0164220138289006 195 72 0.0405405405405405
210000 0.976294725648938 -0.207672403193809 1.46309732989813 1.25542492670432 0.0155056727933683 198 73 0.0405405405405405
211000 0.994265596294813 -0.217918255031442 1.49002888260159 1.27211062757015 0.0148812966616441 198 71 0.0353430353430353
212000 0.99020214866924 -0.218979316593726 1.48393930819853 1.2649599916048 0.0149246845113368 205 70 0.0405405405405405
213000 0.985852812829354 -0.220883766525017 1.47742129525942 1.2565375287344 0.0156036466208747 206 72 0.0363825363825364
214000 1.01049425613449 -0.200586385705233 1.51434951883516 1.31376313312993 0.0169736811262277 206 70 0.0353430353430353
215000 1.00290090109073 -0.21942789488886 1.50296994543624 1.28354205054738 0.0160821931079877 205 71 0.0426195426195426
216000 0.980101222930036 -0.213844902240204 1.46880183271058 1.25495693047037 0.0154326145383677 206 69 0.0550935550935551
217000 0.959244391544004 -0.217491171901211 1.43754531404942 1.22005414214821 0.0139536878756878 206 69 0.0405405405405405
218000 1.01325940334273 -0.206743828760239 1.5184934309048 1.31174960214457 0.0162786654982991 207 71 0.0384615384615385
219000 1.06148625579507 -0.208904771394749 1.5907672814119 1.38186251001715 0.0167978016638039 213 71 0.0415800415800416
220000 1.02773766554921 -0.227538544839446 1.5401908817046 1.31265233686516 0.015895696291466 216 70 0.0384615384615385
221000 1.00278015895685 -0.222755005573293 1.50278899854691 1.28003399297362 0.0156251792340173 219 70 0.0415800415800416
222000 1.00948940589811 -0.223050883362917 1.51284362757182 1.2897927442089 0.0154039410139102 216 68 0.0467775467775468
223000 0.984232744031474 -0.224858488254244 1.47499342356232 1.25013493530808 0.0160398478622373 207 69 0.0436590436590437
224000 0.982235980802064 -0.229540644293797 1.47200102908078 1.24246038478698 0.0146741248693631 210 69 0.0395010395010395
225000 0.990979418867732 -0.233446110382096 1.48510414287616 1.25165803249406 0.0157398078095129 218 70 0.051975051975052
226000 0.986053204279405 -0.224007219346702 1.47772160641321 1.25371438706651 0.0149917566938019 206 71 0.0488565488565489
227000 1.01589397426702 -0.221192470049701 1.52244165840568 1.30124918835598 0.0158166830193898 215 68 0.051975051975052
228000 1.00940087062528 -0.216106242261441 1.51271094661199 1.29660470435055 0.015384958972532 212 67 0.0498960498960499
229000 1.01844786651782 -0.229674312797454 1.52626897902395 1.2965946662265 0.0153076664895593 214 69 0.0478170478170478
230000 1.06602918078965 -0.222232236088364 1.59757541143132 1.37534317534296 0.0166084006269877 209 65 0.0374220374220374
231000 0.982456766528581 -0.207047084192824 1.47233190355798 1.26528481936516 0.0156281698944343 201 68 0.0426195426195426
232000 0.975939939625171 -0.225920374564813 1.46256563954846 1.23664526498365 0.0150422810691653 212 66 0.051975051975052
233000 1.01789047110792 -0.203765051815706 1.52543365367137 1.32166860185566 0.0156502581094523 217 67 0.0426195426195426
234000 1.02433313759979 -0.210342192289622 1.53508877921291 1.32474658692329 0.0158532082615898 217 67 0.0280665280665281
235000 0.999936560463968 -0.198544361663784 1.49852751760991 1.29998315594613 0.0167694451586226 218 65 0.0457380457380457
236000 1.00836112617968 -0.21834264571525 1.51115276209847 1.29281011638322 0.0154801509322897 216 65 0.0488565488565489
237000 0.996905383449302 -0.205980709665039 1.49398492726287 1.28800421759783 0.0158943635856081 213 63 0.0467775467775468
238000 0.93591759188011 -0.214123198109491 1.40258724513163 1.18846404702213 0.0147372788760437 217 63 0.053014553014553
239000 1.00986129684839 -0.214558684919779 1.51340095175075 1.29884226683097 0.0152449487075964 221 62 0.0384615384615385
240000 0.991107914821806 -0.211565315515886 1.4852967098156 1.27373139429971 0.0160718267121561 210 64 0.0446985446985447
241000 1.00803663111092 -0.225644461509596 1.51066646645823 1.28502200494864 0.0155073080058634 217 65 0.0488565488565489
242000 1.01333914604515 -0.228092657617634 1.51861293512001 1.29052027750238 0.0152938897975351 217 65 0.0436590436590437
243000 1.01930634630789 -0.221420237600177 1.52755551623001 1.30613527862983 0.0166771768671196 214 65 0.0509355509355509
244000 0.960880077666989 -0.213235249759704 1.43999659022271 1.226761340463 0.0153400847160832 220 64 0.0457380457380457
245000 0.996498648502178 -0.218854845473377 1.49337538508315 1.27452053960978 0.0152955548322711 223 63 0.0395010395010395
246000 1.01937874785745 -0.221105954693457 1.52766401882769 1.30655806413423 0.0159886940409468 210 65 0.0498960498960499
247000 1.0369508838708 -0.240604402587716 1.55399801880362 1.31339361621591 0.0154959839365941 211 66 0.0488565488565489
248000 0.994569801874365 -0.231284107796895 1.49048477195497 1.25920066415808 0.0155266100168343 214 66 0.0498960498960499
249000 1.00202054084019 -0.24144228059598 1.50165061767786 1.26020833708188 0.0155447194588842 223 67 0.0426195426195426
250000 0.991684496532679 -0.225573980986307 1.48616078819222 1.26058680720592 0.0156186420797254 217 66 0.0478170478170478
251000 0.978840651171031 -0.235021044994312 1.46691271139681 1.23189166640249 0.0156017544047198 216 67 0.0498960498960499
252000 0.976040186479116 -0.238828274992798 1.46271587174832 1.22388759675552 0.0145754925620026 216 66 0.0436590436590437
253000 1.02782031125014 -0.239916775238343 1.54031473641895 1.3003979611806 0.0148423902579814 210 64 0.051975051975052
254000 0.961529618823842 -0.232832739749617 1.4409700072732 1.20813726752358 0.014782150611475 212 65 0.0478170478170478
255000 1.00401953349051 -0.235744571282457 1.50464635321994 1.26890178193748 0.015518216283322 215 64 0.0384615384615385
256000 1.01039633534083 -0.227723541733138 1.5142027725218 1.28647923078866 0.0153724022948518 204 64 0.0467775467775468
257000 1.00436603417239 -0.229278379821417 1.5051656269691 1.27588724714768 0.0146651850977619 204 64 0.0363825363825364
258000 0.963116582297816 -0.24956823426798 1.44334826658406 1.19378003231607 0.0146470180209229 210 64 0.0374220374220374
259000 1.00314547861181 -0.238885079726143 1.50333647483423 1.26445139510809 0.0152530757035347 209 62 0.0478170478170478
260000 1.0320038511061 -0.216113698649159 1.54658428375129 1.33047058510213 0.0167148515305171 210 63 0.0457380457380457
261000 1.02222537666109 -0.223249893456546 1.53193004105685 1.3086801476003 0.0154260083095801 206 65 0.0384615384615385
262000 0.987687161557049 -0.230803054414012 1.48017029169982 1.24936723728581 0.0146639032736076 212 64 0.0498960498960499
263000 1.00637341253456 -0.217184457554115 1.50817392952838 1.29098947197426 0.0164857106577213 214 64 0.0561330561330561
264000 1.0066759072828 -0.227396437774071 1.5086272549913 1.28123081721723 0.0147419584022186 208 65 0.0446985446985447
265000 0.99581360018714 -0.234743638225241 1.49234875620332 1.25760511797808 0.0153735805711783 205 65 0.0478170478170478
266000 0.988744225235362 -0.228097211368255 1.48175443120671 1.25365721983846 0.0156081680373713 208 65 0.0457380457380457
267000 1.00161238558571 -0.214542561012419 1.50103894699346 1.28649638598104 0.0166401298975289 216 63 0.0436590436590437
268000 1.01702951379319 -0.221129838082711 1.52414340359089 1.30301356550818 0.0163859871250365 208 63 0.0457380457380457
269000 1.01998134979773 -0.247066539223346 1.52856709170789 1.28150055248454 0.0155767960478195 216 65 0.0478170478170478
270000 0.974350983078621 -0.223123172972345 1.46018439337402 1.23706122040168 0.0150511162115221 209 63 0.0384615384615385
271000 0.983250959487702 -0.22074752807806 1.47352209906697 1.25277457098891 0.0152824042255782 207 63 0.0446985446985447
272000 0.98596004423194 -0.222805554999319 1.47758199466164 1.25477643966232 0.0147183474244383 206 63 0.0426195426195426
273000 1.043415933484 -0.222107960193875 1.56368668819641 1.34157872800254 0.0157094417447323 201 64 0.0467775467775468
274000 1.03626259844952 -0.209923928057985 1.55296653872325 1.34304261066526 0.0168737901073526 210 64 0.0467775467775468
275000 1.00789775612362 -0.207513409753457 1.51045834526514 1.30294493551169 0.0168255488827534 204 61 0.0384615384615385
276000 0.985974691307234 -0.220648562871086 1.47760394509955 1.25695538222846 0.0161520145554192 206 65 0.0374220374220374
277000 1.01780589516847 -0.230756439749311 1.52530690625798 1.29455046650867 0.0152702318720368 199 65 0.0426195426195426
278000 0.984618415673737 -0.228161844447212 1.47557139979756 1.24740955535035 0.0162221847876165 206 65 0.053014553014553
279000 1.00327404104066 -0.229872431740518 1.50352914139427 1.27365670965375 0.0155378568549183 213 62 0.0488565488565489
280000 1.01674222277219 -0.230080575447036 1.52371286277706 1.29363228733002 0.0160381127210407 213 63 0.0467775467775468
281000 0.976765746463362 -0.237186829791551 1.46380321233077 1.22661638253922 0.0153990822551518 211 64 0.0498960498960499
282000 0.978393657500963 -0.233905749848264 1.46624283658547 1.2323370867372 0.0151610892714076 212 62 0.0446985446985447
283000 1.01197900181427 -0.227842757380181 1.51657459225058 1.2887318348704 0.0160833482714364 211 61 0.0457380457380457
284000 1.0123531910455 -0.217827993388322 1.51713536068527 1.29930736729695 0.0157608878777367 205 63 0.051975051975052
285000 0.994804470058203 -0.248778813504446 1.49083645099632 1.24205763749187 0.014161002299084 204 63 0.0488565488565489
286000 1.02744125134224 -0.252353015599781 1.53974666867818 1.2873936530784 0.0159916232290657 208 63 0.0540540540540541
287000 0.983374151154749 -0.234831114756886 1.47370671688205 1.23887560212516 0.0161583958603093 206 62 0.0550935550935551
288000 0.99772505501179 -0.247118256639426 1.49521330558241 1.24809504894298 0.0146802182225837 209 62 0.0405405405405405
289000 0.972175755008266 -0.215014204142976 1.4569245474504 1.24191034330743 0.0149888232319085 207 62 0.0395010395010395
290000 1.03375556390374 -0.231209083760064 1.5492094401202 1.31800035636014 0.0164471517932065 208 61 0.0405405405405405
291000 1.00574691850396 -0.230382366100126 1.50723505142192 1.27685268532179 0.015718784779562 212 60 0.0488565488565489
292000 0.962012917717937 -0.214439962937438 1.44169428991338 1.22725432697594 0.0151179162847145 209 62 0.0467775467775468
293000 0.964209296888935 -0.211707344467969 1.44498583335422 1.23327848888625 0.0155482686692024 216 61 0.0395010395010395
294000 0.982865524333308 -0.214844656401599 1.47294447723779 1.2580998208362 0.014845972613894 211 61 0.0405405405405405
295000 0.988375541278813 -0.220438876254944 1.48120191310103 1.26076303684609 0.0160297302459928 208 60 0.0446985446985447
296000 0.986677793655575 -0.225100399112663 1.47865763016152 1.25355723104886 0.0142714149206792 213 62 0.0457380457380457
297000 1.01743026553649 -0.214162613667037 1.5247439792062 1.31058136553917 0.01567116384418 208 63 0.0415800415800416
298000 0.994996610311318 -0.222603337923625 1.49112439671999 1.26852105879637 0.0156044842460785 210 62 0.053014553014553
299000 0.96496865298415 -0.216037167413924 1.44612382155201 1.23008665413808 0.0144257153006 207 61 0.0343035343035343
300000 1.02492204584083 -0.23076415788095 1.53597133040609 1.30520717252514 0.0159211366694405 207 61 0.0436590436590437
