step temp tot_eng vol density press nO
0 301.605051557091 28.0692143715079 12895.8536143466 1.86378529283311 2341.00511379522 3
100 304.669198119317 28.1093740073597 12895.8536143466 1.87538408798564 2271.16799527571 8
200 304.263000911746 27.8432838632512 12895.8536143466 1.87538408798564 2322.71185284783 8
300 302.149091055779 27.3896788164042 12895.8536143466 1.88002360604665 2189.01427162079 10
400 306.137899622739 27.271032377377 12895.8536143466 1.88002360604665 2303.38284328716 10
500 304.809126478551 26.9478841369894 12895.8536143466 1.88466312410766 2310.97794771922 12
600 308.285189212804 26.7041194165508 12895.8536143466 1.88698288313817 2272.71898666086 13
700 305.687441550561 26.2634481086673 12895.8536143466 1.89162240119918 2390.45490017566 15
800 305.25269920011 25.7754204088483 12895.8536143466 1.89394216022968 2132.69006039959 16
900 302.961026754376 25.3844240186427 12895.8536143466 1.89394216022968 2227.31427405661 16
1000 306.423731934997 24.8136639293492 12895.8536143466 1.8985816782907 2222.58689256119 18
1100 304.982168096932 24.3937212992625 12895.8536143466 1.90322119635171 2155.24713329734 20
1200 303.979655736216 24.2005909505083 12895.8536143466 1.90322119635171 2121.47630580409 20
1300 309.852957863192 23.7246903369627 12895.8536143466 1.91250023247373 2149.24722178429 24
1400 308.333732144566 22.9816403936969 12895.8536143466 1.91250023247373 2147.80489376525 24
1500 304.154321198419 22.1760384517981 12895.8536143466 1.91481999150424 2058.75636542159 25
1600 305.927975286333 21.5011373298044 12895.8536143466 1.91481999150424 2119.68805155552 25
1700 302.788423199419 21.2495683554908 12895.8536143466 1.91481999150424 1929.55086163051 25
1800 305.938475913139 21.0663982976758 12895.8536143466 1.91945950956525 2050.9280551976 27
1900 307.151463909932 20.2376788771548 12895.8536143466 1.92873854568727 2112.14284903997 31
2000 304.623229141802 19.482055632046 12895.8536143466 1.92873854568727 2141.32990219725 31
2100 303.261596043388 18.3116232091841 12895.8536143466 1.93337806374829 2119.57996021586 33
2200 303.841944284196 17.5624943602738 12895.8536143466 1.93337806374829 2190.7201679515 33
2300 306.805357110659 17.0516857714738 12895.8536143466 1.93337806374829 1952.05685429694 33
2400 305.388355887794 16.744358495138 12895.8536143466 1.9380175818093 1849.68305852635 35
2500 305.797886681142 16.3308489223956 12895.8536143466 1.9403373408398 2387.89806075271 36
2600 304.314527825322 15.7367981041625 12895.8536143466 1.9403373408398 2113.93214701708 36
2700 303.528586638386 15.5450601865343 12895.8536143466 1.94265709987031 1917.94382198396 37
2800 300.646536561764 15.3703129659253 12895.8536143466 1.94265709987031 2244.38625728758 37
2900 299.700557672195 15.1717701529823 12895.8536143466 1.94265709987031 2152.69214192911 37
3000 297.729097709808 14.5258583372617 12895.8536143466 1.94265709987031 2164.31898737049 37
3100 299.32743486149 14.3387478359866 12895.8536143466 1.94265709987031 1923.5421214417 37
3200 303.831177980525 14.8099976965287 12895.8536143466 1.94265709987031 2165.68358901636 37
3300 303.335057776499 15.1167602809875 12895.8536143466 1.94265709987031 1834.00338390266 37
3400 307.238757745771 15.0819905883964 12895.8536143466 1.94497685890082 1969.33701327043 38
3500 305.437006301088 14.5208574205342 12895.8536143466 1.94729661793132 1799.59074633364 39
3600 301.228812891827 14.1067875785401 12895.8536143466 1.94729661793132 2287.4334576221 39
3700 296.914138155315 13.4561838295893 12895.8536143466 1.94729661793132 1924.0183860083 39
3800 300.93963588463 13.3071556228491 12895.8536143466 1.94961637696183 2069.0445790482 40
3900 302.776438053312 13.6383595520317 12895.8536143466 1.94961637696183 2357.54022895019 40
4000 303.404861123162 13.6770162655327 12895.8536143466 1.95193613599233 1884.9763569065 41
4100 305.324241917453 13.4139569467057 12895.8536143466 1.95425589502284 2253.52790339711 42
4200 301.94164370239 12.993641012859 12895.8536143466 1.95657565405335 1913.61909647669 43
4300 298.843488690805 12.4016060900065 12895.8536143466 1.95889541308385 1882.6667338716 44
4400 303.901663072587 12.1841620897839 12895.8536143466 1.95889541308385 1928.11796788475 44
4500 305.207657133133 12.0221033100854 12895.8536143466 1.95889541308385 2004.59292504736 44
4600 302.323281342347 11.6823998016954 12895.8536143466 1.95889541308385 2564.68460492104 44
4700 298.848793708095 11.4638228395323 12895.8536143466 1.95889541308385 2095.22344438724 44
4800 301.320268082809 11.7372073775909 12895.8536143466 1.95889541308385 2225.16995008064 44
4900 305.824002945708 12.3453649244262 12895.8536143466 1.95889541308385 2174.18191617839 44
5000 303.333975988659 12.4008097326769 12895.8536143466 1.95889541308385 2248.33064408009 44
5100 306.138001327661 12.1015652737618 12895.8536143466 1.96121517211436 2143.15751658614 45
5200 299.194758468491 11.1847149275747 12895.8536143466 1.96121517211436 1944.93405877118 45
5300 299.693922511454 11.25167755316 12895.8536143466 1.96121517211436 2061.97069651741 45
5400 306.344750398284 11.8372765298473 12895.8536143466 1.96121517211436 1826.50429974233 45
5500 309.142050424248 12.1090257243307 12895.8536143466 1.96353493114486 2235.40791158355 46
5600 303.000231118326 11.4821251690631 12895.8536143466 1.96585469017537 2120.37686647308 47
5700 303.60994710672 10.9419313497916 12895.8536143466 1.96585469017537 2163.66217738966 47
5800 302.286744141457 10.7744430034275 12895.8536143466 1.96585469017537 2163.09906649991 47
5900 302.991694221404 11.1009048805366 12895.8536143466 1.96585469017537 2633.57701636785 47
6000 306.516633853781 11.444211990308 12895.8536143466 1.96585469017537 2182.31333107892 47
6100 306.290911762661 11.3118690299965 12895.8536143466 1.96585469017537 2150.10031165047 47
6200 306.052612894122 10.618760892558 12895.8536143466 1.96585469017537 1941.69025350614 47
6300 301.488764682156 10.1312268678903 12895.8536143466 1.96585469017537 2199.93808429292 47
6400 299.318785259991 10.2411422547825 12895.8536143466 1.96585469017537 1768.30595664514 47
6500 305.910873729605 10.8076237052174 12895.8536143466 1.96817444920588 2089.10573158524 48
6600 304.950337434394 10.7715160377581 12895.8536143466 1.96817444920588 2120.39340739577 48
6700 304.807869906099 10.6294978176991 12895.8536143466 1.96817444920588 1866.81491848377 48
6800 304.499926899336 10.1577651523778 12895.8536143466 1.96817444920588 2488.30184618606 48
6900 300.379102545749 9.62211868683901 12895.8536143466 1.96817444920588 2169.62843004934 48
7000 302.609640115424 9.86619397464628 12895.8536143466 1.97049420823638 2006.60666640925 49
7100 303.442174739739 10.0278764834309 12895.8536143466 1.97049420823638 2527.97015240921 49
7200 302.754075688063 9.85012889548885 12895.8536143466 1.97049420823638 2248.65863195574 49
7300 300.701017937904 9.52860755208335 12895.8536143466 1.97049420823638 2152.47918877471 49
7400 297.611955909018 9.24152300981533 12895.8536143466 1.97049420823638 2357.36357244553 49
7500 301.171630204675 9.60269969482085 12895.8536143466 1.97049420823638 2003.34555804621 49
7600 304.182341704665 10.0999731624217 12895.8536143466 1.97281396726689 2318.50509216909 50
7700 302.174061469912 10.0988255281508 12895.8536143466 1.97281396726689 2432.90817608916 50
7800 301.566075637159 10.022215275491 12895.8536143466 1.97281396726689 2075.62741068098 50
7900 305.953829782174 10.1531667408664 12895.8536143466 1.97281396726689 2220.96579866283 50
8000 302.477834286486 9.65105799003251 12895.8536143466 1.97281396726689 2134.96209894064 50
8100 300.683264377755 9.23306781250195 12895.8536143466 1.97281396726689 1868.97375379134 50
8200 304.033258640315 9.30529521773661 12895.8536143466 1.97281396726689 1813.29960947312 50
8300 300.008097532303 9.41211144481042 12895.8536143466 1.97281396726689 2163.48856320353 50
8400 306.907638615747 10.2493692652 12895.8536143466 1.97281396726689 2064.19596966766 50
8500 308.440043719173 9.71835149351136 12895.8536143466 1.97281396726689 2295.71915044396 50
8600 303.853845612122 9.16023494781663 12895.8536143466 1.97281396726689 2171.92778213375 50
8700 303.233309467162 8.68896321065947 12895.8536143466 1.97281396726689 2082.62260336926 50
8800 302.520832295919 8.40439183673367 12895.8536143466 1.97281396726689 2271.77867662977 50
8900 303.261273995309 8.45417763103919 12895.8536143466 1.97281396726689 2202.9048212081 50
9000 301.553991607314 9.23006149844934 12895.8536143466 1.97281396726689 1938.98878390523 50
9100 308.1829163581 9.78846896305875 12895.8536143466 1.97281396726689 2536.82375277451 50
9200 308.684112341391 9.08243220773094 12895.8536143466 1.97281396726689 2317.98486986611 50
9300 300.600032100933 8.50563142066393 12895.8536143466 1.97281396726689 2033.64180984666 50
9400 304.147096454942 8.49850628206558 12895.8536143466 1.97281396726689 1841.32507843938 50
9500 303.867448224913 8.72342356240134 12895.8536143466 1.97281396726689 2271.40839652238 50
9600 304.556880075439 9.16436659928571 12895.8536143466 1.97281396726689 2254.86503838713 50
9700 305.011345467008 9.43889663803625 12895.8536143466 1.97281396726689 1936.15945364478 50
9800 303.814867301745 8.70061122435596 12895.8536143466 1.97281396726689 2457.72098235832 50
9900 297.478020732911 8.18024362905158 12895.8536143466 1.97281396726689 2231.88121916777 50
10000 302.798331438909 8.62241158710282 12895.8536143466 1.97281396726689 2382.43942381966 50
10100 309.067745688614 8.82524471938225 12895.8536143466 1.97281396726689 2352.9576274319 50
10200 304.226288646871 8.44557966964234 12895.8536143466 1.97281396726689 2059.13075704299 50
10300 301.61543320579 8.47264964600349 12895.8536143466 1.97281396726689 2149.8204647686 50
10400 307.387704085835 9.46819320447849 12895.8536143466 1.97281396726689 2008.31695778975 50
10500 304.879068165713 9.47155464375423 12895.8536143466 1.97281396726689 1881.69023300128 50
10600 300.659983359747 9.06564776367178 12895.8536143466 1.97281396726689 2356.86606470231 50
10700 303.310819474659 8.63747313425021 12895.8536143466 1.97281396726689 2402.63534292678 50
10800 301.824475365282 8.26644879484977 12895.8536143466 1.97513372629739 2175.76136186219 51
10900 297.096388067896 7.36564054542898 12895.8536143466 1.97513372629739 1862.52040715095 51
11000 305.055122549242 7.32375425165822 12895.8536143466 1.97513372629739 2021.91805143848 51
11100 300.248043981339 7.48314270050574 12895.8536143466 1.97513372629739 2064.0396177152 51
11200 301.758551977629 7.95736075476025 12895.8536143466 1.97513372629739 1892.16901983482 51
11300 308.78194756516 8.28608147975618 12895.8536143466 1.97977324435841 2335.50146806528 53
11400 303.828108367752 8.0615963266031 12895.8536143466 1.97977324435841 2082.4680224282 53
11500 302.979936033769 7.81664385744691 12895.8536143466 1.97977324435841 2150.46770080985 53
11600 302.997894081337 7.77523322174201 12895.8536143466 1.97977324435841 2153.56590176045 53
11700 303.214492592064 7.52393376035975 12895.8536143466 1.97977324435841 2411.25363630898 53
11800 301.608739227417 7.03487736574458 12895.8536143466 1.97977324435841 2268.10429597998 53
11900 298.156975990048 6.70506731605273 12895.8536143466 1.97977324435841 2234.49947164935 53
12000 305.28744832913 7.10919162652338 12895.8536143466 1.97977324435841 2031.73962590997 53
12100 306.403666699926 7.83348467795497 12895.8536143466 1.97977324435841 2240.77907892705 53
12200 305.838690370548 7.74930398738316 12895.8536143466 1.97977324435841 2413.93766001748 53
12300 300.067067999204 7.3070827387188 12895.8536143466 1.97977324435841 2056.93562513696 53
12400 302.128799027397 7.26676357050528 12895.8536143466 1.97977324435841 2381.39154006792 53
12500 301.535072681234 7.45781637249173 12895.8536143466 1.97977324435841 2213.86304348289 53
12600 309.895129712841 8.49762909697393 12895.8536143466 1.97977324435841 2215.47421905314 53
12700 305.586748245542 8.26305486928448 12895.8536143466 1.97977324435841 2086.98989581089 53
12800 308.126703375928 7.86909955672758 12895.8536143466 1.97977324435841 1961.39959802887 53
12900 305.399990920527 7.2250268651797 12895.8536143466 1.98209300338891 1915.17619621786 54
13000 303.258557668644 6.9077936806197 12895.8536143466 1.98209300338891 2290.38597504758 54
13100 301.18104573578 6.88051601874051 12895.8536143466 1.98209300338891 2197.9587454213 54
13200 301.890169176603 7.090732869391 12895.8536143466 1.98441276241942 1946.76205721536 55
13300 303.181460087508 7.2243115852373 12895.8536143466 1.98441276241942 2262.68738624105 55
13400 296.359755029569 6.39340995116424 12895.8536143466 1.98441276241942 1992.81800959962 55
13500 300.765472228208 6.28615472484822 12895.8536143466 1.98441276241942 1826.65020395177 55
13600 302.431437270029 6.70509387440043 12895.8536143466 1.98441276241942 1566.19549044516 55
13700 306.531132033228 7.29744013115302 12895.8536143466 1.98441276241942 2059.45628270191 55
13800 307.932909306535 7.15891320111902 12895.8536143466 1.98441276241942 1809.52731548547 55
13900 301.308711136303 6.76170073826216 12895.8536143466 1.98441276241942 1811.28960429717 55
14000 301.297879633615 6.48221385107381 12895.8536143466 1.98441276241942 2202.96598858599 55
14100 301.02809459503 5.96404519118462 12895.8536143466 1.98441276241942 2330.39402686753 55
14200 298.850485852891 5.56270761821207 12895.8536143466 1.98441276241942 2297.73736970292 55
14300 298.594349168092 5.82261883151727 12895.8536143466 1.98441276241942 1941.44928768869 55
14400 301.486220828993 6.71093160285409 12895.8536143466 1.98441276241942 2004.44246468091 55
14500 308.488094536142 6.8928774175392 12895.8536143466 1.98441276241942 2288.61647468705 55
14600 302.725151945035 6.49446804812091 12895.8536143466 1.98441276241942 2280.01414101935 55
14700 306.418270717684 6.12114322793042 12895.8536143466 1.98441276241942 1655.82258638947 55
14800 304.467002111852 5.44010072517948 12895.8536143466 1.98441276241942 1809.44394704862 55
14900 297.322519363877 5.02765832290641 12895.8536143466 1.98441276241942 1769.14880731276 55
15000 302.927679459267 5.30515014455256 12895.8536143466 1.98441276241942 1833.65267137191 55
15100 301.443565305017 5.72889221529214 12895.8536143466 1.98441276241942 2108.85341164753 55
15200 300.880388852021 6.11828917138741 12895.8536143466 1.98441276241942 2198.48657615826 55
15300 303.842681410322 6.33347367389309 12895.8536143466 1.98441276241942 2218.26397476787 55
15400 307.132772568493 6.33669893017856 12895.8536143466 1.98673252144992 2137.3257493246 56
15500 299.673716851128 5.34598212533518 12895.8536143466 1.98673252144992 2107.782721827 56
15600 301.873030206851 5.05657721322489 12895.8536143466 1.98673252144992 2249.48904035872 56
15700 303.800494158022 5.04408982884296 12895.8536143466 1.99137203951094 2143.81235932184 58
15800 302.695828487823 4.83465812456974 12895.8536143466 1.99137203951094 2279.86351026662 58
15900 302.23794565827 4.3197257897499 12895.8536143466 1.99137203951094 2241.4555212145 58
16000 298.390080582393 3.85820499028232 12895.8536143466 1.99137203951094 2089.32697864941 58
16100 301.016122219197 4.49204087944347 12895.8536143466 1.99137203951093 2067.22547643088 58
16200 304.645850755039 5.12020724528825 12895.8536143466 1.99137203951093 2062.24717825788 58
16300 305.244568752833 5.50989435354386 12895.8536143466 1.99137203951093 2257.38430322249 58
16400 303.060548134899 5.63228561263235 12895.8536143466 1.99137203951093 2097.07449139748 58
16500 299.931648933062 4.97353314721681 12895.8536143466 1.99137203951093 2280.81720836625 58
16600 300.161464845747 4.6289025066621 12895.8536143466 1.99137203951093 2412.40662813877 58
16700 305.887792118932 4.71999886334291 12895.8536143466 1.99137203951093 1735.73777741204 58
16800 303.208522908183 4.96138858092569 12895.8536143466 1.99369179854144 2075.74500335912 59
16900 306.760413049067 5.62030239895186 12895.8536143466 1.99369179854144 2446.59116808234 59
17000 308.245222167301 6.17883037063473 12895.8536143466 1.99601155757195 2304.20501949763 60
17100 301.200308699043 5.31136766092524 12895.8536143466 1.99601155757195 2199.2726509165 60
17200 303.218119397482 4.82214938326063 12895.8536143466 1.99601155757195 2312.02332767452 60
17300 307.854608066446 4.35164647817383 12895.8536143466 1.99601155757195 2138.77794844659 60
17400 303.632421509529 3.95531891571981 12895.8536143466 1.99601155757195 2114.34008280999 60
17500 297.120004774367 3.79545436528946 12895.8536143466 1.99601155757195 2440.56166399404 60
17600 304.351326134945 4.29650421583942 12895.8536143466 1.99601155757195 2349.06868203627 60
17700 305.324026128251 4.96608570054557 12895.8536143466 1.99601155757195 2518.86779598027 60
17800 304.209555085627 4.87151229589479 12895.8536143466 1.99601155757195 2092.3433518756 60
17900 298.702722548905 4.21871071881502 12895.8536143466 1.99601155757195 2298.30749202753 60
18000 300.105024834405 3.80790286819084 12895.8536143466 1.99601155757195 2664.82345642124 60
18100 300.108861643097 3.84166027001064 12895.8536143466 1.99601155757195 2734.12430062422 60
18200 302.1535917208 3.84129757984301 12895.8536143466 1.99601155757195 2367.16414950772 60
18300 300.974727456028 3.86778694017067 12895.8536143466 1.99601155757195 2547.17796911277 60
18400 303.014498772909 3.80786566411812 12895.8536143466 1.99601155757195 2153.70440626283 60
18500 304.236106816432 3.59143608869292 12895.8536143466 1.99601155757195 2323.81928226601 60
18600 301.902690790216 2.90748359588309 12895.8536143466 1.99601155757195 2173.73947824281 60
18700 300.789308344482 2.24495447551523 12895.8536143466 1.99601155757195 2002.37999789015 60
18800 298.630845420285 2.56825955418386 12895.8536143466 1.99601155757195 2407.15960708345 60
18900 302.073651630659 3.13066575229815 12895.8536143466 1.99601155757195 2352.403067686 60
19000 301.24083819412 3.46208257526452 12895.8536143466 1.99601155757195 2121.76795561194 60
19100 300.763179215318 3.80304303738494 12895.8536143466 1.99601155757195 2310.53509225348 60
19200 305.288271328025 4.16530862311946 12895.8536143466 1.99601155757195 2427.94078032847 60
19300 309.350394068908 4.50760873225417 12895.8536143466 1.99601155757195 2057.51272327109 60
19400 304.647927778944 4.38571006605066 12895.8536143466 1.99601155757195 2506.55967925601 60
19500 300.396868015251 3.92026419228383 12895.8536143466 1.99833131660245 1952.97233908788 61
19600 304.72609096093 3.45309115769135 12895.8536143466 2.00065107563296 2374.2399832313 62
19700 303.559591087502 2.82337920896158 12895.8536143466 2.00065107563296 2147.60036005093 62
19800 301.693743703907 2.66292314462198 12895.8536143466 2.00065107563296 2138.95519579113 62
19900 304.264362632396 2.84457090888363 12895.8536143466 2.00065107563296 2496.74598938222 62
20000 300.299968690381 2.94210835894861 12895.8536143466 2.00065107563296 2313.13254274716 62
20100 306.503372853064 3.20771386687839 12895.8536143466 2.00065107563296 2408.56223825978 62
20200 303.595439388715 3.01751533016474 12895.8536143466 2.00065107563296 2642.18640358478 62
20300 296.925214508099 2.22401567212389 12895.8536143466 2.00065107563296 2445.62091001274 62
20400 302.910478484807 2.1556562349041 12895.8536143466 2.00065107563296 2225.39665861128 62
20500 305.09272513763 2.62147737555271 12895.8536143466 2.00065107563296 2499.97299568577 62
20600 307.878498319905 2.70778211423391 12895.8536143466 2.00065107563296 2644.04965149112 62
20700 302.013394293611 2.83663630682558 12895.8536143466 2.00065107563296 2764.48415446045 62
20800 307.144985484413 3.21909822745943 12895.8536143466 2.00065107563296 2289.11565979533 62
20900 300.337783504512 3.40258939092634 12895.8536143466 2.00065107563296 2333.02950891905 62
21000 304.276201321432 3.66238159638382 12895.8536143466 2.00065107563296 2231.2944574393 62
21100 303.8420968058 3.89687767407651 12895.8536143466 2.00065107563296 2433.80108394613 62
21200 308.230871439606 4.24520082257217 12895.8536143466 2.00065107563296 2607.87425770086 62
21300 305.201343548567 3.42005977195981 12895.8536143466 2.00065107563296 2534.24455278718 62
21400 308.942334862432 2.77082842501399 12895.8536143466 2.00065107563296 2275.89800573945 62
21500 300.294685672993 2.22613490045072 12895.8536143466 2.00065107563296 2104.15132791369 62
21600 303.921590737289 2.03305673250445 12895.8536143466 2.00065107563296 2328.77285749653 62
21700 301.59976152333 2.25835410916407 12895.8536143466 2.00065107563296 2210.30748636929 62
21800 305.614203951217 3.21497665687821 12895.8536143466 2.00065107563296 2042.01153267322 62
21900 305.558926794815 3.45711938937841 12895.8536143466 2.00065107563296 2441.17492817669 62
22000 305.401510083466 3.39027686172506 12895.8536143466 2.00065107563296 2069.61266258768 62
22100 304.286872124373 2.73404177608689 12895.8536143466 2.00065107563296 2830.73600350481 62
22200 303.651281323482 2.23317620151475 12895.8536143466 2.00297083466346 2238.08313831327 63
22300 303.130095785248 2.29156896819137 12895.8536143466 2.00297083466346 2244.24704794574 63
22400 305.79067637035 2.50486276977298 12895.8536143466 2.00297083466346 2000.58963115569 63
22500 304.593073316221 2.68122393300489 12895.8536143466 2.00297083466346 2719.74841137826 63
22600 301.767591888698 2.60968552404051 12895.8536143466 2.00297083466346 2419.6948080695 63
22700 297.045919726299 2.41715545768071 12895.8536143466 2.00297083466346 2392.75860646463 63
22800 307.936021078284 2.62527527471241 12895.8536143466 2.00297083466346 2312.2130073558 63
22900 301.826806112086 2.67706229744744 12895.8536143466 2.00297083466346 2611.42659848556 63
23000 299.647991660016 2.90902578897749 12895.8536143466 2.00297083466346 2810.06822718263 63
23100 304.399256664729 3.34292140193795 12895.8536143466 2.00297083466346 2156.58780286445 63
23200 303.431935126485 3.34086112459182 12895.8536143466 2.00297083466346 2202.50408346408 63
23300 302.308511060408 2.75608212522749 12895.8536143466 2.00297083466346 2259.86444711135 63
23400 304.408898635751 2.24678790550247 12895.8536143466 2.00297083466346 2394.35336433446 63
23500 295.242838970911 1.85805441238859 12895.8536143466 2.00297083466346 2657.50569955678 63
23600 303.045400720807 1.89149114929383 12895.8536143466 2.00297083466346 2356.99808737649 63
23700 306.583747420683 2.89449554179834 12895.8536143466 2.00297083466346 2660.60824639137 63
23800 306.572854351513 2.82761665322258 12895.8536143466 2.00297083466346 2048.24189160664 63
23900 299.129653803439 2.28428343725192 12895.8536143466 2.00297083466346 2395.75431744634 63
24000 299.575539181884 2.10530933207681 12895.8536143466 2.00297083466346 2265.63487028401 63
24100 303.56522179552 2.19683980304185 12895.8536143466 2.00297083466346 2487.41611395892 63
24200 303.897965183577 2.26846218508121 12895.8536143466 2.00297083466346 2289.22785209041 63
24300 299.876340281668 2.35846303169841 12895.8536143466 2.00297083466346 2418.63876012987 63
24400 297.295267311465 2.78491092003461 12895.8536143466 2.00297083466346 2690.85443890234 63
24500 309.737798108561 3.3113720674471 12895.8536143466 2.00297083466346 2626.65642133965 63
24600 306.141784799337 3.2288058717308 12895.8536143466 2.00297083466346 2483.01041315525 63
24700 305.258877963798 2.09271715380507 12895.8536143466 2.00297083466346 2354.88195009512 63
24800 300.77261154519 1.67278738707124 12895.8536143466 2.00297083466346 2479.40132299897 63
24900 297.524325020515 1.8019101355142 12895.8536143466 2.00297083466346 2360.33378922436 63
25000 306.46513832219 2.56400929526369 12895.8536143466 2.00297083466346 2848.81425486536 63
